416
302
67
414
594
169
476
394
272
40
364
480
486
126
240
355
433
474
529
78
568
530
219
184
142
208
407
48
101
43
131
513
270
97
36
133
71
283
421
387
328
590
351
542
591
239
263
20
15
439
348
261
454
176
223
80
177
100
75
464
373
451
327
404
74
506
268
17
546
196
156
438
437
188
287
552
417
185
323
456
91
569
87
313
343
468
477
309
539
540
83
452
33
213
153
435
564
56
216
305
72
596
532
523
384
443
516
32
470
491
420
278
511
467
386
167
398
472
395
403
372
90
358
515
297
603
45
408
322
577
134
424
122
345
266
250
221
469
252
357
334
222
34
186
173
69
344
260
121
107
136
353
274
42
509
293
237
565
245
296
366
541
318
587
253
157
118
39
473
410
528
492
332
255
494
217
453
174
285
484
286
597
254
181
258
291
547
232
444
376
496
51
601
115
580
545
321
279
64
95
576
147
145
385
281
341
231
393
273
583
166
244
419
512
340
282
504
123
405
448
180
14
371
27
271
26
604
204
430
38
251
256
18
99
295
249
280
570
37
104
53
88
586
105
144
425
429
206
89
346
335
307
117
70
41
505
478
359
129
585
347
28
481
119
66
554
431
389
592
47
195
155
303
317
455
561
409
25
365
499
55
391
46
308
152
267
459
290
475
128
23
289
457
112
259
16
148
172
86
370
120
531
428
300
465
463
137
30
333
198
84
377
214
354
292
73
396
415
362
168
375
573
29
400
450
171
236
229
60
533
562
361
59
110
557
520
578
246
602
234
543
135
154
320
379
294
93
230
182
233
553
352
402
183
65
571
534
337
207
559
92
381
194
510
111
170
525
35
392
589
338
257
138
527
82
108
490
298
265
61
325
212
422
521
331
205
466
600
526
508
241
103
488
560
549
215
124
388
411
378
275
538
143
211
350
288
132
262
544
503
187
427
304
498
141
106
276
458
482
483
311
315
264
269
178
94
113
522
81
363
460
582
536
339
199
599
310
518
412
50
102
19
360
140
24
284
139
324
301
336
548
551
550
63
52
502
493
247
593
125
127
220
447
537
158
390
471
579
96
572
574
401
556
555
299
436
369
57
535
31
218
514
54
399
383
319
441
79
329
312
487
368
501
235
98
382
130
524
326
85
442
76
179
479
243
44
248
77
485
462
349
517
225
418
277
330
406
22
445
21
489
356
316
507
210
440
567
558
238
62
149
500
306
397
432
426
374
423
519
58
434
197
461
242
595
495
49
314
367
449
109
598
584
380
68
588
581
413
342
224
575
446
566
